2 2 0 0 0 0 0 0 0 0 0 0 0 0 0 0 0 0 0 0 1 0 0 0 0 0 0 1 1 0 0 0 0 0 0 -1 1 0 0 0 0 0 0 0 0 0 0 0 0 0 0 0 0 0 0 0 0 0 0 0 0 0 0 0 -1 4 1 2 4
0 0 0 0 0 0 0 0 0 0 0 0 0 0 0 0 0 0 0 0 1 0 0 0 0 0 0 1 1 0 0 0 0 0 0 -1 -1 -1 0 0 0 0 0 0 0 0 0 0 0 0 0 0 0 0 0 0 0 0 0 0 0 0 0 0 1 3 3 4 5
0 0 0 0 0 0 0 0 0 0 0 0 0 0 0 0 0 0 0 0 1 0 0 0 0 0 0 1 1 0 0 0 0 0 0 -1 1 -1 0 0 0 0 0 0 0 1 0 0 0 0 0 0 0 0 0 0 0 0 0 0 0 0 0 0 -1 5 2 5 5
0 0 0 0 0 0 0 0 0 0 0 0 0 0 0 0 0 0 0 -1 1 0 0 0 0 0 0 -1 -1 0 0 0 0 0 0 -1 1 -1 0 0 0 0 0 0 0 1 0 0 0 0 0 0 0 0 0 0 0 0 0 0 0 0 0 0 1 3 5 2 3
0 0 0 0 0 0 0 0 0 0 0 0 0 0 0 0 0 0 1 1 1 0 0 0 0 0 0 1 -1 0 0 0 0 0 0 -1 1 -1 0 0 0 0 0 0 0 1 0 0 0 0 0 0 0 0 0 0 0 0 0 0 0 0 0 0 -1 6 3 2 2
0 0 0 0 0 0 0 0 0 0 0 -1 0 0 0 0 0 0 1 -1 1 0 0 0 0 0 0 -1 -1 0 0 0 0 0 0 -1 1 -1 0 0 0 0 0 0 0 1 0 0 0 0 0 0 0 0 0 0 0 0 0 0 0 0 0 0 1 4 6 1 3
0 0 1 0 0 0 0 0 0 0 0 1 0 0 0 0 0 0 1 -1 1 0 0 0 0 0 0 -1 -1 0 0 0 0 0 0 -1 1 -1 0 0 0 0 0 0 0 1 0 0 0 0 0 0 0 0 0 0 0 0 0 0 0 0 0 0 -1 6 5 0 2
0 0 1 0 0 0 0 0 0 0 0 1 0 0 0 0 0 0 1 -1 1 0 0 0 0 0 0 -1 -1 0 0 0 0 0 0 -1 1 -1 0 0 0 0 0 0 0 -1 0 0 0 0 0 0 0 -1 0 0 0 0 0 0 0 0 0 0 1 5 7 6 5
0 0 1 0 0 0 0 0 0 0 0 1 0 0 0 0 0 0 1 1 1 0 0 0 0 0 0 1 -1 0 0 0 0 0 0 1 1 -1 0 0 0 0 0 1 0 -1 0 0 0 0 0 0 0 -1 0 0 0 0 0 0 0 0 0 0 -1 9 4 5 3
0 0 1 0 0 0 0 0 0 0 0 1 0 0 0 0 0 0 1 1 1 0 0 0 0 0 0 1 -1 0 0 0 0 0 -1 -1 -1 -1 0 0 0 0 0 1 0 -1 0 0 0 0 0 0 0 -1 0 0 0 0 0 0 0 0 0 0 1 7 7 4 2
0 0 1 0 0 0 0 0 0 0 0 1 0 0 0 0 0 0 1 1 1 0 0 0 0 0 0 1 1 0 0 0 0 0 -1 -1 -1 1 0 0 0 0 0 1 0 -1 1 0 0 0 0 0 0 -1 0 0 0 0 0 0 0 0 0 0 -1 10 5 5 6
0 0 1 0 0 0 0 0 0 0 0 1 0 0 0 0 0 0 1 1 1 0 0 0 0 0 0 1 1 0 0 0 0 0 -1 -1 -1 1 0 0 0 0 0 1 0 -1 -1 -1 0 0 0 0 0 -1 0 0 0 0 0 0 0 0 0 0 1 9 7 5 7
0 0 1 0 0 0 0 0 0 0 0 1 0 0 0 0 0 0 1 1 1 0 0 0 0 0 0 1 1 0 0 0 0 0 -1 -1 -1 1 0 0 0 0 0 1 0 1 -1 -1 0 0 0 0 0 1 0 0 0 0 0 0 0 1 0 0 -1 12 5 7 5
0 0 1 -1 0 0 0 0 0 0 0 -1 0 0 0 0 0 0 1 -1 1 0 0 0 0 0 0 -1 1 0 0 0 0 0 -1 -1 -1 1 0 0 0 0 0 1 0 1 -1 -1 0 0 0 0 0 1 0 0 0 0 0 0 0 1 0 0 1 9 9 0 3
0 0 1 1 1 0 0 0 0 0 0 1 0 0 0 0 0 0 1 -1 1 0 0 0 0 0 0 -1 1 0 0 0 0 0 -1 -1 -1 1 0 0 0 0 0 1 0 1 -1 -1 0 0 0 0 0 1 0 0 0 0 0 0 0 1 0 0 -1 12 7 0 4
0 0 1 1 1 0 0 0 0 0 0 1 0 -1 0 0 2 0 1 -1 -1 0 0 0 0 0 0 -1 1 0 0 0 0 0 -1 -1 -1 1 0 0 0 0 0 1 0 1 -1 -1 0 0 0 0 0 1 0 0 0 0 0 0 0 1 0 0 1 11 9 1 5
0 0 1 1 1 0 0 0 0 0 0 1 0 -1 0 0 0 0 1 1 1 1 0 0 0 0 0 -1 1 0 0 0 0 0 -1 -1 -1 1 0 0 0 0 0 1 0 1 -1 -1 0 0 0 0 0 1 0 0 0 0 0 0 0 1 0 0 -1 14 7 2 5
0 0 1 1 1 0 0 0 0 0 -1 1 0 -1 0 0 0 0 1 -1 1 1 0 0 0 0 0 -1 -1 0 0 0 0 0 -1 -1 -1 -1 0 0 0 0 0 1 0 1 -1 -1 0 0 0 0 0 1 0 0 0 0 0 0 0 1 0 0 1 11 11 1 2
0 0 1 1 1 1 0 0 0 0 -1 1 0 1 0 0 0 0 1 -1 1 1 0 0 0 0 0 -1 -1 0 0 0 0 0 -1 -1 -1 -1 0 0 0 0 0 1 0 1 -1 -1 0 0 0 0 0 1 0 0 0 0 0 0 0 1 0 0 -1 13 10 0 5
0 0 1 1 1 1 0 0 0 0 -1 1 0 1 0 0 0 0 1 -1 1 1 0 0 0 0 0 -1 -1 0 0 0 0 0 -1 -1 -1 -1 0 0 0 0 0 1 0 1 -1 -1 0 0 0 0 0 -1 0 0 0 0 0 0 -1 1 0 0 1 12 12 7 4
0 0 1 1 1 1 0 0 0 0 -1 1 0 1 0 0 0 0 1 -1 1 1 0 0 0 0 0 -1 -1 0 0 0 0 0 -1 -1 -1 -1 0 0 0 0 0 1 0 1 -1 -1 0 0 0 0 0 -1 0 0 0 0 0 1 1 1 0 0 -1 14 11 7 3
0 0 1 1 1 1 0 0 0 0 -1 1 0 1 0 0 0 0 1 -1 1 1 0 0 0 0 0 -1 -1 0 0 0 0 0 -1 -1 -1 -1 0 0 0 0 0 -1 0 1 -1 -1 0 0 0 -1 0 -1 0 0 0 0 0 1 1 1 0 0 1 13 13 6 3
0 0 1 1 1 1 0 0 0 0 -1 1 0 1 0 0 0 0 1 -1 1 1 0 0 0 0 0 -1 1 0 0 0 0 0 -1 -1 1 -1 0 0 0 0 0 -1 1 1 -1 -1 0 0 0 -1 0 -1 0 0 0 0 0 1 1 1 0 0 -1 16 11 5 4
0 0 1 1 1 1 0 0 0 0 -1 1 0 1 0 0 0 0 1 -1 1 1 0 0 0 0 0 -1 -1 -1 0 0 0 0 -1 -1 -1 -1 0 0 0 0 0 -1 1 1 -1 -1 0 0 0 -1 0 -1 0 0 0 0 0 1 1 1 0 0 1 14 14 3 5
0 0 1 1 1 1 0 0 0 0 -1 1 0 1 0 0 0 0 1 -1 1 1 0 0 0 0 0 -1 -1 -1 0 0 0 0 -1 -1 -1 -1 0 0 0 0 0 -1 1 1 -1 -1 0 0 0 1 0 -1 0 0 0 0 1 1 1 1 0 0 -1 16 13 7 2
0 0 1 1 1 1 0 0 0 0 -1 -1 -1 1 0 0 0 0 1 -1 -1 1 0 0 0 0 0 -1 -1 -1 0 0 0 0 -1 -1 -1 -1 0 0 0 0 0 -1 1 1 -1 -1 0 0 0 1 0 -1 0 0 0 0 1 1 1 1 0 0 1 14 16 1 4
0 0 1 1 1 1 0 0 0 0 -1 -1 1 1 0 0 0 0 1 1 -1 1 0 0 0 0 1 -1 -1 -1 0 0 0 0 -1 1 -1 -1 0 0 0 0 0 -1 1 1 -1 -1 0 0 0 1 0 -1 0 0 0 0 1 1 1 1 0 0 -1 18 13 3 2
0 0 1 1 1 1 0 0 0 0 -1 -1 1 1 0 0 0 -1 -1 -1 -1 1 0 0 0 0 -1 -1 -1 -1 0 0 0 0 -1 -1 -1 -1 0 0 0 0 0 -1 -1 1 -1 -1 0 0 0 1 0 -1 0 0 0 0 1 1 1 1 0 0 1 13 19 2 1
0 0 1 1 1 1 0 0 0 0 -1 -1 1 1 0 0 1 1 1 1 1 1 0 0 0 0 -1 -1 -1 -1 0 0 0 0 -1 -1 -1 -1 0 0 0 0 0 -1 -1 1 -1 -1 0 0 0 1 0 -1 0 0 0 0 1 1 1 1 0 0 -1 18 15 2 0
0 0 1 1 1 1 0 0 0 0 -1 -1 1 1 0 0 1 -1 1 1 1 1 0 0 -1 0 -1 -1 -1 -1 0 0 0 0 -1 -1 -1 -1 0 0 0 0 0 -1 -1 1 -1 -1 0 0 0 1 0 -1 0 0 0 0 1 1 1 1 0 0 1 17 17 3 0
0 0 1 1 1 1 0 0 0 0 -1 -1 1 1 0 0 1 -1 1 1 1 1 0 0 1 0 -1 -1 -1 -1 0 0 1 0 -1 -1 -1 -1 0 0 0 0 0 -1 -1 1 -1 -1 0 0 0 1 0 -1 0 0 0 0 1 1 1 1 0 0 -1 19 16 4 0
0 0 1 1 1 1 0 0 0 0 -1 -1 1 1 0 0 1 -1 -1 1 1 1 0 0 1 -1 -1 -1 -1 -1 0 0 1 0 -1 -1 -1 -1 0 0 0 0 0 -1 -1 1 -1 -1 0 0 0 1 0 -1 0 0 0 0 1 1 1 1 0 0 1 18 18 3 1
0 0 1 1 1 1 0 0 0 0 -1 -1 1 1 0 0 1 -1 -1 1 1 1 0 0 1 -1 -1 -1 -1 -1 0 0 1 0 -1 -1 -1 -1 0 1 0 0 0 -1 -1 1 1 -1 0 0 0 1 0 1 0 0 0 0 1 1 1 1 0 0 -1 21 16 4 7
0 0 1 1 1 1 0 0 0 0 -1 -1 1 1 0 0 1 -1 -1 1 1 1 0 0 1 -1 -1 -1 -1 -1 0 -1 1 0 -1 -1 -1 -1 0 -1 0 0 0 -1 -1 1 1 -1 0 0 0 1 0 1 0 0 0 0 1 1 1 1 0 0 1 20 18 3 7
0 0 1 1 1 1 0 0 0 0 -1 -1 1 1 0 0 1 -1 -1 1 1 1 0 0 1 1 -1 -1 1 -1 0 -1 1 0 1 -1 1 -1 0 -1 0 0 0 1 1 1 1 -1 0 0 0 1 1 1 0 0 0 0 1 1 1 1 0 0 -1 27 12 6 4
0 0 1 1 1 1 0 0 0 0 -1 -1 1 1 0 0 1 -1 -1 1 1 1 0 0 1 1 -1 -1 1 -1 0 -1 1 0 -1 -1 1 -1 0 -1 0 0 -1 -1 -1 -1 -1 -1 0 0 0 1 1 1 0 0 0 0 1 1 1 1 0 0 1 22 18 5 2
0 0 1 1 1 1 0 0 0 0 -1 -1 1 1 0 0 1 -1 -1 1 1 1 0 0 1 1 -1 -1 1 1 0 -1 1 0 -1 -1 1 1 1 -1 0 0 -1 -1 -1 1 -1 -1 0 0 0 1 1 1 0 0 0 0 1 1 1 1 0 0 -1 26 15 4 6
0 0 1 1 1 1 0 0 0 0 -1 -1 1 1 0 0 1 -1 -1 1 1 1 0 0 1 -1 -1 -1 1 1 0 -1 1 -1 -1 -1 1 1 1 -1 0 0 -1 -1 -1 1 -1 -1 0 0 0 1 1 1 0 0 0 0 1 1 1 1 0 0 1 25 17 4 1
0 0 1 1 1 1 0 0 0 0 1 -1 1 1 0 0 1 -1 1 1 1 1 0 0 1 -1 1 -1 1 1 0 -1 1 -1 1 -1 1 1 1 -1 0 0 1 1 -1 1 -1 -1 0 0 1 1 1 1 0 0 0 0 1 1 1 1 0 0 -1 32 11 6 2
0 0 1 1 1 1 0 0 0 0 1 -1 1 1 0 0 1 -1 1 1 1 1 0 0 1 -1 1 -1 1 1 0 -1 1 -1 -1 -1 1 1 1 -1 0 -1 -1 -1 -1 1 -1 -1 0 0 1 1 1 1 0 0 0 0 1 1 1 1 0 0 1 29 15 5 1
0 0 1 1 1 1 0 0 0 0 1 -1 1 1 0 0 1 -1 1 1 1 1 0 0 1 -1 1 -1 1 1 0 -1 1 1 -1 -1 1 1 1 -1 1 1 1 1 1 1 -1 -1 0 0 1 1 1 1 0 0 0 0 1 1 1 1 0 0 -1 35 10 5 0
0 0 1 1 1 1 0 0 0 -1 -1 -1 1 1 0 0 1 -1 -1 1 1 1 0 0 1 -1 1 -1 1 1 0 -1 1 1 -1 -1 1 1 1 -1 1 1 1 1 1 1 -1 -1 0 0 1 1 1 1 0 0 0 0 1 1 1 1 0 0 1 33 13 1 1
1 0 1 1 1 1 0 0 0 1 -1 -1 1 1 0 0 1 -1 1 1 1 1 0 0 1 -1 1 1 1 1 0 -1 1 1 -1 -1 1 1 1 -1 1 1 1 1 1 1 -1 -1 0 0 1 1 1 1 0 0 0 0 1 1 1 1 0 0 -1 37 10 0 0
1 0 1 1 1 1 0 0 0 1 -1 -1 1 1 0 0 1 -1 -1 -1 -1 -1 -1 0 1 -1 1 1 1 1 0 -1 1 1 -1 -1 1 1 1 -1 1 1 1 1 1 1 -1 -1 0 0 1 1 1 1 0 0 0 0 1 1 1 1 0 0 1 33 15 2 6
1 0 1 1 1 1 0 0 0 1 -1 -1 1 1 0 0 1 -1 -1 -1 -1 1 -1 0 1 -1 1 1 1 1 1 -1 1 1 -1 -1 1 1 1 -1 1 1 1 1 1 1 -1 -1 0 0 1 1 1 1 0 0 0 0 1 1 1 1 0 0 -1 35 14 3 6
1 0 1 1 1 1 0 0 0 1 -1 -1 1 1 0 0 1 -1 -1 -1 -1 1 -1 0 1 -1 1 1 1 -1 1 -1 1 1 -1 -1 -1 1 1 -1 1 1 1 -1 1 1 -1 -1 0 0 -1 1 1 1 0 0 0 -1 1 1 1 1 0 0 1 31 19 7 1
1 0 1 1 1 1 0 0 0 1 -1 -1 1 1 0 0 1 -1 -1 -1 -1 1 -1 0 1 -1 1 1 1 -1 1 -1 1 1 -1 -1 -1 1 1 -1 1 1 1 -1 1 1 -1 -1 0 0 -1 1 1 1 0 0 1 1 1 1 1 1 0 0 -1 33 18 7 0
1 0 1 1 1 1 0 0 0 1 -1 -1 1 1 0 0 1 -1 -1 -1 -1 1 -1 0 1 -1 1 1 1 -1 1 -1 1 1 -1 -1 -1 1 1 -1 1 1 1 -1 -1 1 -1 -1 0 0 -1 1 1 -1 0 0 1 1 1 1 1 1 -1 0 1 31 21 7 6
1 0 1 1 1 1 0 0 0 1 -1 -1 1 1 0 0 1 -1 -1 -1 -1 1 -1 0 1 -1 1 1 1 -1 1 -1 1 1 -1 -1 -1 1 1 -1 1 1 1 -1 -1 1 -1 -1 0 0 -1 1 1 -1 0 0 1 1 1 1 1 1 1 1 -1 33 20 7 7
1 0 1 1 1 1 0 0 0 1 -1 -1 1 1 0 0 1 -1 -1 -1 -1 1 -1 -1 1 -1 1 1 1 -1 -1 -1 1 1 -1 -1 -1 -1 1 -1 1 1 1 -1 -1 1 -1 -1 0 0 -1 1 1 -1 0 0 1 1 1 1 1 1 1 1 1 31 23 2 7
1 1 1 1 1 1 0 0 0 1 1 -1 1 1 0 0 1 -1 -1 1 -1 1 -1 -1 1 -1 1 1 1 -1 -1 -1 1 1 -1 -1 -1 -1 1 -1 1 1 1 -1 -1 1 -1 -1 0 0 -1 1 1 -1 0 0 1 1 1 1 1 1 1 1 -1 34 21 0 1
